-6.110962613977955261e-07
6.745024588456689785e-02
2.865210955063210441e-01
4.856264015065991924e-01
5.364489335917409507e-01
5.278176243361648590e-01
6.631265984735932317e-01
7.666853009342412539e-01
7.962158104961380989e-01
8.100435266566207160e-01
9.736699435248385992e-01
1.236590420572661664e+00
1.497891969282180824e+00
1.799272891097269511e+00
1.988905031502175458e+00
2.000424470866954074e+00
2.010516915404581884e+00
2.032304549258930670e+00
2.061853095734400121e+00
2.061853095734400121e+00
2.248315821955834348e+00
2.402987185873516562e+00
2.456557966573265084e+00
2.509550625620049491e+00
2.628416960040383277e+00
2.779492088493809909e+00
2.922120838254735897e+00
3.006748965652245698e+00
3.123247056799236976e+00
3.285888749763401062e+00
3.336457776957303167e+00
3.344009019008407524e+00
3.344009019008407524e+00
3.754066384774570775e+00
3.904383755647972354e+00
3.987632981363869344e+00
4.018309525166920082e+00
4.028006318727422652e+00
4.043531993052155826e+00
4.050161113808256275e+00
4.051285001637038086e+00
4.054941721446164493e+00
4.184043329146980739e+00
4.277200652260808589e+00
4.355095483887405194e+00
4.392953974616936819e+00
4.429871151435075483e+00
4.452263518585353630e+00
4.466874682045804512e+00
