-6.192185788229943494e-07
7.143932362077155818e-02
3.003905444731474472e-01
5.099944859859864010e-01
5.616439988930532756e-01
5.532306376813047599e-01
6.900124728565804055e-01
7.951871567398349772e-01
8.246450416852711962e-01
8.380496474255271222e-01
1.001490722275633960e+00
1.267534968955694730e+00
1.533664031217389701e+00
1.863862496460925389e+00
2.082078117364630110e+00
2.095016705579770822e+00
2.106474196086780992e+00
2.130737276221116971e+00
2.163244411359140695e+00
2.163244411359140695e+00
2.366471350579602007e+00
2.548914639637961610e+00
2.609239756043937764e+00
2.672698118006480605e+00
2.804780341949409284e+00
2.970310167195428175e+00
3.124428478614935667e+00
3.217170588745391857e+00
3.344008066188205230e+00
3.522205796167573677e+00
3.578575179880790991e+00
3.587630590879023362e+00
3.587630590879023362e+00
4.143327333997404160e+00
4.398532248700040448e+00
4.533179631868359927e+00
4.579981050922405039e+00
4.594996979872126630e+00
4.617976597740624634e+00
4.627156172940433798e+00
4.628736518671704658e+00
4.633951361859307561e+00
4.830415721744456548e+00
4.972416909713659017e+00
5.094692342345524594e+00
5.154176586301760565e+00
5.212266015851370504e+00
5.246021179331844309e+00
5.267851306403720457e+00
